WWO Time-Limited Results for WEISH27.DAT.txt
==================================================

Instance: WEISH27.DAT.txt
Objects: 90
Knapsacks: 5
Known Optimum: 9819
Time Limit: 5.0s
Actual Time: 5.000s
Generations: 697

Best Fitness: 9437
Gap: 3.89%
Feasible: True

Solution: [1, 0, 1, 1, 1, 0, 0, 0, 0, 0, 1, 1, 1, 0, 0, 0, 0, 0, 0, 0, 1, 1, 1, 0, 0, 1, 0, 0, 1, 1, 1, 0, 1, 0, 1, 0, 0, 0, 1, 0, 0, 0, 1, 0, 0, 0, 0, 1, 1, 1, 0, 0, 0, 1, 0, 0, 0, 0, 0, 1, 0, 0, 1, 0, 0, 1, 1, 0, 1, 1, 1, 0, 1, 1, 0, 0, 0, 0, 1, 0, 1, 0, 0, 0, 1, 1, 0, 0, 0, 0]

Fitness History:
  678: 9437
  679: 9437
  680: 9437
  681: 9437
  682: 9437
  683: 9437
  684: 9437
  685: 9437
  686: 9437
  687: 9437
  688: 9437
  689: 9437
  690: 9437
  691: 9437
  692: 9437
  693: 9437
  694: 9437
  695: 9437
  696: 9437
  697: 9437
