WWO Time-Limited Results for WEISH29.DAT.txt
==================================================

Instance: WEISH29.DAT.txt
Objects: 90
Knapsacks: 5
Known Optimum: 9410
Time Limit: 5.0s
Actual Time: 5.001s
Generations: 654

Best Fitness: 9197
Gap: 2.26%
Feasible: True

Solution: [1, 0, 0, 1, 1, 0, 1, 0, 0, 0, 1, 1, 1, 0, 0, 0, 0, 1, 0, 0, 1, 1, 0, 0, 0, 1, 0, 0, 0, 1, 1, 0, 1, 0, 1, 0, 0, 0, 0, 0, 0, 0, 1, 0, 0, 0, 0, 1, 1, 1, 0, 0, 0, 1, 0, 0, 0, 0, 1, 1, 0, 0, 1, 0, 0, 0, 1, 0, 1, 1, 1, 0, 1, 1, 0, 0, 0, 0, 1, 0, 1, 0, 0, 0, 1, 1, 0, 0, 0, 0]

Fitness History:
  635: 9197
  636: 9197
  637: 9197
  638: 9197
  639: 9197
  640: 9197
  641: 9197
  642: 9197
  643: 9197
  644: 9197
  645: 9197
  646: 9197
  647: 9197
  648: 9197
  649: 9197
  650: 9197
  651: 9197
  652: 9197
  653: 9197
  654: 9197
