WWO Time-Limited Results for WEING8.DAT.txt
==================================================

Instance: WEING8.DAT.txt
Objects: 105
Knapsacks: 2
Known Optimum: 624319
Time Limit: 5.0s
Actual Time: 5.000s
Generations: 1285

Best Fitness: 623092
Gap: 0.20%
Feasible: True

Solution: [1, 1, 0, 1, 1, 1, 0, 1, 0, 0, 0, 0, 0, 1, 1, 1, 1, 1, 1, 1, 1, 1, 1, 1, 1, 1, 0, 0, 1, 1, 1, 1, 0, 1, 1, 0, 0, 1, 0, 1, 1, 0, 0, 0, 1, 0, 0, 0, 0, 0, 0, 1, 0, 0, 0, 0, 0, 0, 0, 0, 0, 0, 0, 0, 0, 0, 0, 0, 0, 0, 0, 0, 0, 0, 0, 0, 0, 0, 0, 0, 0, 0, 0, 0, 0, 0, 0, 0, 0, 0, 0, 0, 0, 0, 0, 0, 0, 0, 0, 0, 0, 0, 0, 0, 0]

Fitness History:
  1266: 623092
  1267: 623092
  1268: 623092
  1269: 623092
  1270: 623092
  1271: 623092
  1272: 623092
  1273: 623092
  1274: 623092
  1275: 623092
  1276: 623092
  1277: 623092
  1278: 623092
  1279: 623092
  1280: 623092
  1281: 623092
  1282: 623092
  1283: 623092
  1284: 623092
  1285: 623092
