WWO Time-Limited Results for WEING7.DAT.txt
==================================================

Instance: WEING7.DAT.txt
Objects: 105
Knapsacks: 2
Known Optimum: 1095445
Time Limit: 5.0s
Actual Time: 5.000s
Generations: 2708

Best Fitness: 1094142
Gap: 0.12%
Feasible: True

Solution: [1, 1, 1, 1, 1, 1, 1, 1, 1, 1, 1, 0, 1, 1, 1, 1, 1, 1, 1, 1, 1, 1, 1, 1, 1, 1, 1, 1, 1, 1, 1, 1, 1, 1, 1, 1, 1, 1, 1, 1, 1, 1, 1, 1, 1, 1, 1, 1, 1, 1, 1, 1, 1, 1, 1, 1, 1, 1, 1, 1, 1, 1, 1, 1, 1, 1, 1, 1, 1, 1, 1, 1, 1, 1, 1, 1, 1, 1, 0, 1, 1, 1, 1, 0, 0, 1, 0, 0, 1, 1, 1, 1, 1, 0, 0, 1, 1, 0, 0, 0, 1, 0, 0, 0, 0]

Fitness History:
  2689: 1094142
  2690: 1094142
  2691: 1094142
  2692: 1094142
  2693: 1094142
  2694: 1094142
  2695: 1094142
  2696: 1094142
  2697: 1094142
  2698: 1094142
  2699: 1094142
  2700: 1094142
  2701: 1094142
  2702: 1094142
  2703: 1094142
  2704: 1094142
  2705: 1094142
  2706: 1094142
  2707: 1094142
  2708: 1094142
