WWO Time-Limited Results for WEISH28.DAT.txt
==================================================

Instance: WEISH28.DAT.txt
Objects: 90
Knapsacks: 5
Known Optimum: 9492
Time Limit: 5.0s
Actual Time: 5.000s
Generations: 646

Best Fitness: 9272
Gap: 2.32%
Feasible: True

Solution: [1, 0, 0, 1, 1, 0, 1, 0, 0, 0, 1, 1, 1, 0, 0, 0, 0, 1, 0, 0, 1, 1, 1, 0, 0, 1, 0, 0, 0, 1, 1, 0, 1, 0, 1, 0, 0, 0, 0, 0, 0, 0, 1, 0, 0, 0, 0, 1, 1, 1, 1, 0, 0, 1, 0, 0, 0, 0, 1, 1, 0, 0, 1, 0, 0, 0, 1, 0, 0, 1, 1, 0, 1, 1, 0, 0, 0, 0, 0, 0, 1, 0, 0, 0, 1, 1, 0, 0, 0, 0]

Fitness History:
  627: 9272
  628: 9272
  629: 9272
  630: 9272
  631: 9272
  632: 9272
  633: 9272
  634: 9272
  635: 9272
  636: 9272
  637: 9272
  638: 9272
  639: 9272
  640: 9272
  641: 9272
  642: 9272
  643: 9272
  644: 9272
  645: 9272
  646: 9272
