WWO Time-Limited Results for WEISH30.DAT.txt
==================================================

Instance: WEISH30.DAT.txt
Objects: 90
Knapsacks: 5
Known Optimum: 11191
Time Limit: 5.0s
Actual Time: 5.000s
Generations: 1051

Best Fitness: 11056
Gap: 1.21%
Feasible: True

Solution: [1, 0, 0, 1, 1, 0, 1, 0, 1, 1, 1, 1, 1, 0, 0, 1, 0, 1, 0, 0, 0, 1, 1, 0, 0, 1, 0, 0, 0, 1, 1, 0, 0, 1, 1, 0, 0, 0, 1, 0, 0, 1, 1, 0, 0, 0, 0, 1, 1, 1, 1, 0, 0, 1, 0, 1, 0, 1, 1, 1, 1, 1, 1, 1, 0, 1, 1, 0, 1, 1, 0, 0, 1, 1, 0, 1, 0, 0, 1, 1, 0, 0, 0, 0, 1, 1, 0, 1, 0, 0]

Fitness History:
  1032: 11056
  1033: 11056
  1034: 11056
  1035: 11056
  1036: 11056
  1037: 11056
  1038: 11056
  1039: 11056
  1040: 11056
  1041: 11056
  1042: 11056
  1043: 11056
  1044: 11056
  1045: 11056
  1046: 11056
  1047: 11056
  1048: 11056
  1049: 11056
  1050: 11056
  1051: 11056
