WWO Time-Limited Results for WEISH26.DAT.txt
==================================================

Instance: WEISH26.DAT.txt
Objects: 90
Knapsacks: 5
Known Optimum: 9584
Time Limit: 5.0s
Actual Time: 5.000s
Generations: 673

Best Fitness: 9314
Gap: 2.82%
Feasible: True

Solution: [1, 0, 1, 1, 1, 0, 1, 0, 0, 0, 1, 1, 1, 1, 0, 1, 0, 1, 0, 0, 1, 1, 0, 0, 0, 1, 0, 0, 1, 1, 1, 0, 1, 0, 1, 0, 0, 0, 0, 0, 1, 1, 1, 0, 0, 0, 0, 1, 1, 1, 0, 0, 0, 1, 0, 0, 0, 0, 1, 1, 0, 0, 1, 0, 0, 0, 1, 0, 0, 1, 1, 0, 1, 1, 0, 0, 0, 0, 0, 0, 1, 0, 0, 0, 1, 1, 0, 0, 0, 0]

Fitness History:
  654: 9314
  655: 9314
  656: 9314
  657: 9314
  658: 9314
  659: 9314
  660: 9314
  661: 9314
  662: 9314
  663: 9314
  664: 9314
  665: 9314
  666: 9314
  667: 9314
  668: 9314
  669: 9314
  670: 9314
  671: 9314
  672: 9314
  673: 9314
